(26,26,26,26)        (0,0,0,0)            (0,0,0,0)            (0,0,0,0)            (0,0,0,0)            (0,0,0,0)            (0,0,0,0)            (0,0,0,0)            (0,0,0,0)            (0,0,0,0)            (0,0,0,0)            (0,0,0,0)            (0,0,0,0)            (0,0,0,0)            (0,0,0,0)            (0,0,0,0)            (0,0,0,0)            (0,0,0,0)            (0,0,0,0)            (0,0,0,0)           
(0,0,0,0)            (2154,2163,2163,2154) (0,0,0,0)            (2,2,1,1)            (0,0,0,0)            (2154,2163,2438,2429) (0,0,0,0)            (4,4,1,1)            (0,0,0,0)            (0,0,0,0)            (0,0,0,0)            (2154,2161,549,545)  (0,0,0,0)            (0,0,0,0)            (0,0,0,0)            (2,2,1,1)            (0,0,0,0)            (0,0,0,0)            (2154,2160,2448,2442) (0,0,0,0)           
(0,0,0,0)            (0,0,0,0)            (669,685,685,669)    (0,0,0,0)            (0,0,0,0)            (0,0,0,0)            (0,0,0,0)            (0,0,0,0)            (0,0,0,0)            (0,0,0,0)            (669,685,705,689)    (0,0,0,0)            (0,0,0,0)            (0,0,0,0)            (0,0,0,0)            (0,0,0,0)            (0,0,0,0)            (0,0,0,0)            (0,0,0,0)            (0,0,0,0)           
(0,0,0,0)            (1,1,2,2)            (0,0,0,0)            (3366,3371,3371,3366) (0,0,0,0)            (1,1,4,4)            (0,0,0,0)            (0,0,0,0)            (0,0,0,0)            (0,0,0,0)            (0,0,0,0)            (0,0,0,0)            (0,0,0,0)            (0,0,0,0)            (0,0,0,0)            (1,1,1,1)            (3366,3370,4131,4127) (0,0,0,0)            (3366,3367,2443,2442) (0,0,0,0)           
(0,0,0,0)            (0,0,0,0)            (0,0,0,0)            (0,0,0,0)            (887,887,887,887)    (0,0,0,0)            (0,0,0,0)            (0,0,0,0)            (0,0,0,0)            (0,0,0,0)            (0,0,0,0)            (0,0,0,0)            (0,0,0,0)            (0,0,0,0)            (0,0,0,0)            (0,0,0,0)            (0,0,0,0)            (0,0,0,0)            (0,0,0,0)            (0,0,0,0)           
(0,0,0,0)            (2429,2438,2163,2154) (0,0,0,0)            (4,4,1,1)            (0,0,0,0)            (2429,2439,2439,2429) (0,0,0,0)            (2429,2430,868,867)  (0,0,0,0)            (0,0,0,0)            (0,0,0,0)            (2429,2434,549,545)  (0,0,0,0)            (0,0,0,0)            (0,0,0,0)            (4,4,1,1)            (0,0,0,0)            (0,0,0,0)            (2429,2437,2448,2442) (0,0,0,0)           
(0,0,0,0)            (0,0,0,0)            (0,0,0,0)            (0,0,0,0)            (0,0,0,0)            (0,0,0,0)            (1252,1252,1252,1252) (0,0,0,0)            (0,0,0,0)            (0,0,0,0)            (0,0,0,0)            (0,0,0,0)            (0,0,0,0)            (0,0,0,0)            (0,0,0,0)            (0,0,0,0)            (0,0,0,0)            (0,0,0,0)            (0,0,0,0)            (0,0,0,0)           
(0,0,0,0)            (1,1,4,4)            (0,0,0,0)            (0,0,0,0)            (0,0,0,0)            (867,868,2430,2429)  (0,0,0,0)            (867,868,868,867)    (0,0,0,0)            (0,0,0,0)            (0,0,0,0)            (1,1,1,1)            (0,0,0,0)            (0,0,0,0)            (0,0,0,0)            (0,0,0,0)            (0,0,0,0)            (0,0,0,0)            (1,1,4,4)            (0,0,0,0)           
(0,0,0,0)            (0,0,0,0)            (0,0,0,0)            (0,0,0,0)            (0,0,0,0)            (0,0,0,0)            (0,0,0,0)            (0,0,0,0)            (396,396,396,396)    (0,0,0,0)            (0,0,0,0)            (0,0,0,0)            (0,0,0,0)            (0,0,0,0)            (0,0,0,0)            (0,0,0,0)            (0,0,0,0)            (0,0,0,0)            (0,0,0,0)            (0,0,0,0)           
(0,0,0,0)            (0,0,0,0)            (0,0,0,0)            (0,0,0,0)            (0,0,0,0)            (0,0,0,0)            (0,0,0,0)            (0,0,0,0)            (0,0,0,0)            (1525,1525,1525,1525) (0,0,0,0)            (0,0,0,0)            (0,0,0,0)            (0,0,0,0)            (0,0,0,0)            (0,0,0,0)            (0,0,0,0)            (0,0,0,0)            (0,0,0,0)            (0,0,0,0)           
(0,0,0,0)            (0,0,0,0)            (689,705,685,669)    (0,0,0,0)            (0,0,0,0)            (0,0,0,0)            (0,0,0,0)            (0,0,0,0)            (0,0,0,0)            (0,0,0,0)            (689,705,705,689)    (0,0,0,0)            (0,0,0,0)            (0,0,0,0)            (0,0,0,0)            (0,0,0,0)            (0,0,0,0)            (0,0,0,0)            (0,0,0,0)            (0,0,0,0)           
(0,0,0,0)            (545,549,2161,2154)  (0,0,0,0)            (0,0,0,0)            (0,0,0,0)            (545,549,2434,2429)  (0,0,0,0)            (1,1,1,1)            (0,0,0,0)            (0,0,0,0)            (0,0,0,0)            (545,549,549,545)    (0,0,0,0)            (0,0,0,0)            (0,0,0,0)            (0,0,0,0)            (0,0,0,0)            (0,0,0,0)            (4,4,6,6)            (0,0,0,0)           
(0,0,0,0)            (0,0,0,0)            (0,0,0,0)            (0,0,0,0)            (0,0,0,0)            (0,0,0,0)            (0,0,0,0)            (0,0,0,0)            (0,0,0,0)            (0,0,0,0)            (0,0,0,0)            (0,0,0,0)            (1407,1407,1407,1407) (0,0,0,0)            (0,0,0,0)            (0,0,0,0)            (0,0,0,0)            (0,0,0,0)            (0,0,0,0)            (0,0,0,0)           
(0,0,0,0)            (0,0,0,0)            (0,0,0,0)            (0,0,0,0)            (0,0,0,0)            (0,0,0,0)            (0,0,0,0)            (0,0,0,0)            (0,0,0,0)            (0,0,0,0)            (0,0,0,0)            (0,0,0,0)            (0,0,0,0)            (1295,1296,1296,1295) (0,0,0,0)            (1295,1296,873,872)  (0,0,0,0)            (0,0,0,0)            (1,1,1,1)            (0,0,0,0)           
(0,0,0,0)            (0,0,0,0)            (0,0,0,0)            (0,0,0,0)            (0,0,0,0)            (0,0,0,0)            (0,0,0,0)            (0,0,0,0)            (0,0,0,0)            (0,0,0,0)            (0,0,0,0)            (0,0,0,0)            (0,0,0,0)            (0,0,0,0)            (2067,2067,2067,2067) (0,0,0,0)            (0,0,0,0)            (0,0,0,0)            (0,0,0,0)            (0,0,0,0)           
(0,0,0,0)            (1,1,2,2)            (0,0,0,0)            (1,1,1,1)            (0,0,0,0)            (1,1,4,4)            (0,0,0,0)            (0,0,0,0)            (0,0,0,0)            (0,0,0,0)            (0,0,0,0)            (0,0,0,0)            (0,0,0,0)            (872,873,1296,1295)  (0,0,0,0)            (872,874,874,872)    (0,0,0,0)            (0,0,0,0)            (872,873,2443,2442)  (0,0,0,0)           
(0,0,0,0)            (0,0,0,0)            (0,0,0,0)            (4127,4131,3370,3366) (0,0,0,0)            (0,0,0,0)            (0,0,0,0)            (0,0,0,0)            (0,0,0,0)            (0,0,0,0)            (0,0,0,0)            (0,0,0,0)            (0,0,0,0)            (0,0,0,0)            (0,0,0,0)            (0,0,0,0)            (4127,4131,4131,4127) (0,0,0,0)            (4,4,1,1)            (0,0,0,0)           
(0,0,0,0)            (0,0,0,0)            (0,0,0,0)            (0,0,0,0)            (0,0,0,0)            (0,0,0,0)            (0,0,0,0)            (0,0,0,0)            (0,0,0,0)            (0,0,0,0)            (0,0,0,0)            (0,0,0,0)            (0,0,0,0)            (0,0,0,0)            (0,0,0,0)            (0,0,0,0)            (0,0,0,0)            (1062,1062,1062,1062) (0,0,0,0)            (0,0,0,0)           
(0,0,0,0)            (2442,2448,2160,2154) (0,0,0,0)            (2442,2443,3367,3366) (0,0,0,0)            (2442,2448,2437,2429) (0,0,0,0)            (4,4,1,1)            (0,0,0,0)            (0,0,0,0)            (0,0,0,0)            (6,6,4,4)            (0,0,0,0)            (1,1,1,1)            (0,0,0,0)            (2442,2443,873,872)  (1,1,4,4)            (0,0,0,0)            (2442,2450,2450,2442) (0,0,0,0)           
(0,0,0,0)            (0,0,0,0)            (0,0,0,0)            (0,0,0,0)            (0,0,0,0)            (0,0,0,0)            (0,0,0,0)            (0,0,0,0)            (0,0,0,0)            (0,0,0,0)            (0,0,0,0)            (0,0,0,0)            (0,0,0,0)            (0,0,0,0)            (0,0,0,0)            (0,0,0,0)            (0,0,0,0)            (0,0,0,0)            (0,0,0,0)            (443,443,443,443)   