(26,26,26,26)        (0,0,0,0)            (0,0,0,0)            (0,0,0,0)            (0,0,0,0)            (0,0,0,0)            (0,0,0,0)            (0,0,0,0)            (0,0,0,0)            (0,0,0,0)            (0,0,0,0)            (0,0,0,0)            (0,0,0,0)            (0,0,0,0)            (0,0,0,0)            (0,0,0,0)            (0,0,0,0)            (0,0,0,0)            (0,0,0,0)            (0,0,0,0)           
(0,0,0,0)            (2163,2163,2163,2163) (0,0,0,0)            (2,2,1,1)            (0,0,0,0)            (2163,2163,2438,2438) (0,0,0,0)            (4,4,1,1)            (0,0,0,0)            (0,0,0,0)            (0,0,0,0)            (2161,2161,549,549)  (0,0,0,0)            (0,0,0,0)            (0,0,0,0)            (2,2,1,1)            (0,0,0,0)            (0,0,0,0)            (2160,2160,2448,2448) (0,0,0,0)           
(0,0,0,0)            (0,0,0,0)            (685,685,685,685)    (0,0,0,0)            (0,0,0,0)            (0,0,0,0)            (0,0,0,0)            (0,0,0,0)            (0,0,0,0)            (0,0,0,0)            (685,685,705,705)    (0,0,0,0)            (0,0,0,0)            (0,0,0,0)            (0,0,0,0)            (0,0,0,0)            (0,0,0,0)            (0,0,0,0)            (0,0,0,0)            (0,0,0,0)           
(0,0,0,0)            (1,1,2,2)            (0,0,0,0)            (3371,3371,3371,3371) (0,0,0,0)            (1,1,4,4)            (0,0,0,0)            (0,0,0,0)            (0,0,0,0)            (0,0,0,0)            (0,0,0,0)            (0,0,0,0)            (0,0,0,0)            (0,0,0,0)            (0,0,0,0)            (1,1,1,1)            (3370,3370,4131,4131) (0,0,0,0)            (3367,3367,2443,2443) (0,0,0,0)           
(0,0,0,0)            (0,0,0,0)            (0,0,0,0)            (0,0,0,0)            (887,887,887,887)    (0,0,0,0)            (0,0,0,0)            (0,0,0,0)            (0,0,0,0)            (0,0,0,0)            (0,0,0,0)            (0,0,0,0)            (0,0,0,0)            (0,0,0,0)            (0,0,0,0)            (0,0,0,0)            (0,0,0,0)            (0,0,0,0)            (0,0,0,0)            (0,0,0,0)           
(0,0,0,0)            (2438,2438,2163,2163) (0,0,0,0)            (4,4,1,1)            (0,0,0,0)            (2439,2439,2439,2439) (0,0,0,0)            (2430,2430,868,868)  (0,0,0,0)            (0,0,0,0)            (0,0,0,0)            (2434,2434,549,549)  (0,0,0,0)            (0,0,0,0)            (0,0,0,0)            (4,4,1,1)            (0,0,0,0)            (0,0,0,0)            (2437,2437,2448,2448) (0,0,0,0)           
(0,0,0,0)            (0,0,0,0)            (0,0,0,0)            (0,0,0,0)            (0,0,0,0)            (0,0,0,0)            (1252,1252,1252,1252) (0,0,0,0)            (0,0,0,0)            (0,0,0,0)            (0,0,0,0)            (0,0,0,0)            (0,0,0,0)            (0,0,0,0)            (0,0,0,0)            (0,0,0,0)            (0,0,0,0)            (0,0,0,0)            (0,0,0,0)            (0,0,0,0)           
(0,0,0,0)            (1,1,4,4)            (0,0,0,0)            (0,0,0,0)            (0,0,0,0)            (868,868,2430,2430)  (0,0,0,0)            (868,868,868,868)    (0,0,0,0)            (0,0,0,0)            (0,0,0,0)            (1,1,1,1)            (0,0,0,0)            (0,0,0,0)            (0,0,0,0)            (0,0,0,0)            (0,0,0,0)            (0,0,0,0)            (1,1,4,4)            (0,0,0,0)           
(0,0,0,0)            (0,0,0,0)            (0,0,0,0)            (0,0,0,0)            (0,0,0,0)            (0,0,0,0)            (0,0,0,0)            (0,0,0,0)            (396,396,396,396)    (0,0,0,0)            (0,0,0,0)            (0,0,0,0)            (0,0,0,0)            (0,0,0,0)            (0,0,0,0)            (0,0,0,0)            (0,0,0,0)            (0,0,0,0)            (0,0,0,0)            (0,0,0,0)           
(0,0,0,0)            (0,0,0,0)            (0,0,0,0)            (0,0,0,0)            (0,0,0,0)            (0,0,0,0)            (0,0,0,0)            (0,0,0,0)            (0,0,0,0)            (1525,1525,1525,1525) (0,0,0,0)            (0,0,0,0)            (0,0,0,0)            (0,0,0,0)            (0,0,0,0)            (0,0,0,0)            (0,0,0,0)            (0,0,0,0)            (0,0,0,0)            (0,0,0,0)           
(0,0,0,0)            (0,0,0,0)            (705,705,685,685)    (0,0,0,0)            (0,0,0,0)            (0,0,0,0)            (0,0,0,0)            (0,0,0,0)            (0,0,0,0)            (0,0,0,0)            (705,705,705,705)    (0,0,0,0)            (0,0,0,0)            (0,0,0,0)            (0,0,0,0)            (0,0,0,0)            (0,0,0,0)            (0,0,0,0)            (0,0,0,0)            (0,0,0,0)           
(0,0,0,0)            (549,549,2161,2161)  (0,0,0,0)            (0,0,0,0)            (0,0,0,0)            (549,549,2434,2434)  (0,0,0,0)            (1,1,1,1)            (0,0,0,0)            (0,0,0,0)            (0,0,0,0)            (549,549,549,549)    (0,0,0,0)            (0,0,0,0)            (0,0,0,0)            (0,0,0,0)            (0,0,0,0)            (0,0,0,0)            (4,4,6,6)            (0,0,0,0)           
(0,0,0,0)            (0,0,0,0)            (0,0,0,0)            (0,0,0,0)            (0,0,0,0)            (0,0,0,0)            (0,0,0,0)            (0,0,0,0)            (0,0,0,0)            (0,0,0,0)            (0,0,0,0)            (0,0,0,0)            (1407,1407,1407,1407) (0,0,0,0)            (0,0,0,0)            (0,0,0,0)            (0,0,0,0)            (0,0,0,0)            (0,0,0,0)            (0,0,0,0)           
(0,0,0,0)            (0,0,0,0)            (0,0,0,0)            (0,0,0,0)            (0,0,0,0)            (0,0,0,0)            (0,0,0,0)            (0,0,0,0)            (0,0,0,0)            (0,0,0,0)            (0,0,0,0)            (0,0,0,0)            (0,0,0,0)            (1296,1296,1296,1296) (0,0,0,0)            (1296,1296,873,873)  (0,0,0,0)            (0,0,0,0)            (1,1,1,1)            (0,0,0,0)           
(0,0,0,0)            (0,0,0,0)            (0,0,0,0)            (0,0,0,0)            (0,0,0,0)            (0,0,0,0)            (0,0,0,0)            (0,0,0,0)            (0,0,0,0)            (0,0,0,0)            (0,0,0,0)            (0,0,0,0)            (0,0,0,0)            (0,0,0,0)            (2067,2067,2067,2067) (0,0,0,0)            (0,0,0,0)            (0,0,0,0)            (0,0,0,0)            (0,0,0,0)           
(0,0,0,0)            (1,1,2,2)            (0,0,0,0)            (1,1,1,1)            (0,0,0,0)            (1,1,4,4)            (0,0,0,0)            (0,0,0,0)            (0,0,0,0)            (0,0,0,0)            (0,0,0,0)            (0,0,0,0)            (0,0,0,0)            (873,873,1296,1296)  (0,0,0,0)            (874,874,874,874)    (0,0,0,0)            (0,0,0,0)            (873,873,2443,2443)  (0,0,0,0)           
(0,0,0,0)            (0,0,0,0)            (0,0,0,0)            (4131,4131,3370,3370) (0,0,0,0)            (0,0,0,0)            (0,0,0,0)            (0,0,0,0)            (0,0,0,0)            (0,0,0,0)            (0,0,0,0)            (0,0,0,0)            (0,0,0,0)            (0,0,0,0)            (0,0,0,0)            (0,0,0,0)            (4131,4131,4131,4131) (0,0,0,0)            (4,4,1,1)            (0,0,0,0)           
(0,0,0,0)            (0,0,0,0)            (0,0,0,0)            (0,0,0,0)            (0,0,0,0)            (0,0,0,0)            (0,0,0,0)            (0,0,0,0)            (0,0,0,0)            (0,0,0,0)            (0,0,0,0)            (0,0,0,0)            (0,0,0,0)            (0,0,0,0)            (0,0,0,0)            (0,0,0,0)            (0,0,0,0)            (1062,1062,1062,1062) (0,0,0,0)            (0,0,0,0)           
(0,0,0,0)            (2448,2448,2160,2160) (0,0,0,0)            (2443,2443,3367,3367) (0,0,0,0)            (2448,2448,2437,2437) (0,0,0,0)            (4,4,1,1)            (0,0,0,0)            (0,0,0,0)            (0,0,0,0)            (6,6,4,4)            (0,0,0,0)            (1,1,1,1)            (0,0,0,0)            (2443,2443,873,873)  (1,1,4,4)            (0,0,0,0)            (2450,2450,2450,2450) (0,0,0,0)           
(0,0,0,0)            (0,0,0,0)            (0,0,0,0)            (0,0,0,0)            (0,0,0,0)            (0,0,0,0)            (0,0,0,0)            (0,0,0,0)            (0,0,0,0)            (0,0,0,0)            (0,0,0,0)            (0,0,0,0)            (0,0,0,0)            (0,0,0,0)            (0,0,0,0)            (0,0,0,0)            (0,0,0,0)            (0,0,0,0)            (0,0,0,0)            (443,443,443,443)   